$ANSIBLE_VAULT;1.1;AES256
36346332623338636239363264623630653533396133306265663036313438386562323365313665
3533336635366432623035646338663866626434323966350a336532373563383265376433356638
64396566356638376233383361653566393061663637633732666230616563343263333538653161
3631363161353235390a323965316637333336326631316466323763626239386264616632363331
61656633363132636637663365326538393133316333396138663364356232626337373930616337
35353565353763613632343762393162303234653634373066323866356332346339396533663730
30303835666431343735306439373835653566616563366363323436303433376438356134393736
62376238623634633537376232323930653435323837383839656432633236626661633330373730
38393064333265356663353566396561373937646438303834316335633335343831636334656664
34636363376266306236626539363466643466646465313363633465346262643839653262616230
39623066353536663331363236366238303236303638393431626634313639663762383231353930
61383238313931323536656636393738653230326337623666626436326361386565616630393330
36313232323965663534666538343439656638356361363930346631393634653935373564616232
63623966346262643736343362623531636436363561643461623734323439323933666363363639
33636631643937366436393834646233633838626265316332633839666332326533363732643739
66643631623237353261646464633362363634313837333237353064313636313464373866303161
66636361323365626230343338383335313664626365643539303033323965373337623031623131
62373961346162303539316161636332313237613231626432303364363130633662626562353966
39643939343162303532626530323238333039313631623138353639636231386264636431613235
66313861623335363836323731376666326134346130363366326131636463376561333263383262
62646237383539396332396532616635336633666335376662323966376233346539663166336331
34613162346265373135643834663539396464323563643932326637633238356134373037353738
64396237326166353331353765353031326238616132366463333139343962303336396532656330
39613661333164626562373463663262316633373539356139636235393364356661633737646431
31383937353039613762616266653463633536303632366361363166316164396539623366633235
37313862346431393265326566626263323031643035653735373537376438636632633162333363
64623832366137333064653930326538356637343436623337353937653962633533646134623931
64626133333330353962626636376362343438303739303862396634393831613561663062346338
31333535666661386537363534333633616663656630343362616634383332306438343435323832
39353263313136336538646162616333333436313565626234393763313032313137366633393939
33633831306333646463633033313630323638613964386165623866343937343039396639366635
33653064666262303664363461636432623338653262336633313937373236396636636563613334
39333631626433356363356332616635663134643739316161393139663164643439356339663363
62323434393134343333666339623934323865633132646537666466336130373464646561356537
30323538383437393663393262376431383435396264613437623063393764656431333530653665
38343561303031666366383639396463303237346533326432663633643461326166383265323830
37623937633565363334633832313166636433316436616532393664653039613164343133353261
33613633363533613330306631646362663634376663326131393765306462616336346465316139
36336565306539353935363136303164636536396332373138373665613534393634656563616562
30336262386336336339623139346430633135386263333465316634303762393064666636646535
65353835623461316561303063663833303132376464363837636637613763356431383462336331
31346262633266653434306536623036666635623033633531633065306464303064623835333233
63323563373935643736393066306431363564363431616331656532623566323338336363643162
66393337613366666433623462316137386436326564653166306336353530666461376565376537
36303237333261366130303137363030653262343632653038316361633963623663633236393436
63393130376534303531373664323837303836626566323963623739643434613932383331636463
66336334356365343461383032313435326538643331356531643834323163646432376566323764
32333039623838613732376266613661363237383965613339303233306365306337636632333936
66393739323765393466333630333534373235313965303063323964353734396632386230336538
31623966373038633438376334393562626238636531333430313937306362383364623562376632
63326665383665633464393835393866313036343334616637623739663830613135666331376534
34353632343663346232323164346636316363373337363336303739663066616364616334353239
38616666393831663762333030613931303264633365303432303038363135303030326332656636
36383464393730643563326330663937326230646262653832643932313937623234376130633033
34626534623266633235646232643564633339346661653036613563353761303465616164653935
35306465306563653230646163316665373532646532623465383731346166303232353438623636
33313134623438333237623062303639646638616662376330633266393362646439313935643137
63383838653666336461653766333334636235396265363132656461373462616637616539646636
31653131623162613738613738386237343964366265653731386662306537366262363634363336
63346466626135366532313462336430613262336434303765633435396464646332396532633131
62336332343331323737356463303864363264333336323936373464346162363865663263643131
30663330323834376135336365386239623535313664363863323961356233316265623639393363
32326638636563636664303464633162383732326532623135626630366366333536656662313136
38313561623663316630346365323961343239326166363761353533653531323338623631396664
38326633636333623739393235346433323935633531636135303566356566623461616463383438
61333761323736333939643433383733653937303738333366333664336365633732623633373434
62333639313963666136356263623637653933623635653764666630636439343962396630333166
62663434323130386464663365326532353037326235373635313033336263666466613631323934
38396264396232323264336264386430346364363837393135316262663735313436373466326636
66343863346365623735306662633239656330363331336365623037623131666664363137623930
34383465366436663365343433393934333562343933636233303133303435316566333132323135
34613038333064396332623665303833323162336430643765323635626539613331316162323532
30336532323063643363313930356633313562636463363965633135396161653433626361373836
33383565663935383130383365366636663563343035323435316330663961373739386336323434
62663135346335363364333463363434353736643033303637313632353233656331303032396266
66346338323439363536353538366536343839643533346563633265383661306235343937313830
37353961646630363631373737616535343963633739353135383063346134393461613136616138
32313266656564623835366535643431376564326430373366633137613132373963313165333432
65383863623666336539313838383866623062626461323636316536646330383261353565656463
33643532343534643531633038663666663534366433643634386661616661633561313961653939
38316232353764666633666334653064323532323665303364383438626631363534386631303838
33616637356365346536366636343331353131343863663633636338666265653263613266386164
35653237356537623034366537333534316462623536613138303335396265336633386136623463
36303465663139343334323266356363393261653461336137656361393433663035333666306261
32343431383265303666343132616631656337316633616338366435386361363362336462666533
37353135613662663739343737353366653536623331393864623635663265616366616263666431
34323533653065356663313239356333616463646362306236396164626132333566386533333939
63386264316130663166333463336363343931623830333230323630356237646435633762613230
32643232383034333233363664356332636461633736373433363831343665323061316364363366
30633839326562356232383434363666333030613164366366626566386366633264326235303530
37323036643631643739373134636562323831313636616638626138386465653233623835356330
31386464353431656232323037313535663534303233373566333631306331643663326262393239
38386666636365646339633133656364323633376536393435303865333261336133316165646434
31373662636530646332313361613134656662353138643262306233376263373134643930376237
62313762636231643564363538646561663962326265643961643562343461346164396330326334
61666534333832373666323130663130643639313035616336316662373261366538613332626666
31616334396535323738343961323938393161346339346262336530356434623665383639656566
33663638623032396361356330333137623562373135336635666161616433313865343231326462
65613638303633663835623239663433303534353038653166626339656538653065343962303334
65363136323331353434643561633761323431376236633235376264303136323865396661623163
32623537383338333166313635323631336665643036353964323666613830383634333635616235
64666462666633636664646665323734663861363434323133306636343632653332656261323335
63333638666632366439616435333264313934623634666437343734333338636538303061633237
64663465663163383933393939626634323936326130363737666466613236353534313133313165
37383965346266363565363765633866323233666163656634373139336633636662623463343765
62353537616635626665363564613430386439653135656537643137376332346530636462356233
35363937363433653063626362623065656631356164326133333934626466653863663833333838
61303431643533383838663133633061326330663466373332393964626563396331393134396334
37623063653862373639343166303731373865303561313462656535633365333865393732326561
31373961363631396166613331333934373865396564623065396364393363383131383935646635
35633461663762326364626266346162313135373763613531633566343333343337646665396537
34633566323032396637373930623339616364346534333432373238383865303634316138373531
35336464346337353831393164366237346130343135613266353463656635383936303736633938
35613832306664646664333631363237356633663132303838373733376635393333623735346539
62613339613837383939396533303330663637626161666562643266353837616535323236333637
34313331616265663561333632393861653539626633336430313531623339333864643035356263
32616532653237333134336332303635623234633432383437353536623233666165646564316333
39633537666537333037643964366462653265343535646137353339306563616462326236363837
37323231316435363164353665616534623261306133663337363036383737623139613232653266
39363134343366316663626439666434323566663538376164363632343439636666636365663763
32343435623530393661663961353331343138663139333265343635343762613566653134373335
30656234633437663033633734666166326436356466363136646336643630643531363237393930
36306461646466343865323534326366393834326630656361373336633562353236316434376463
36373136363063363965336334643239636263336231313131376662373238303961616432386261
36376264306536613431623462306263333766396436363237643761333162623735623537616538
34383439333430626237666362656434306635306331623436393865656432656265386462613361
65363431383332333366366431326634386435353831613964633635333263313833376230396131
30643333623139626535613564653763346562656338663238646534323139303837626631313032
30343039666330616565623530346666383636373262613333393665643934323963626239643038
31396664643430303235663530633662653330303731383562663235303736383362666339313231
61323434306264306436393263383663616366393230643534396539396232626261653738326537
38636665373737613134353435346539353739343664383738313765393265383833663164386462
36373334663930363836343132623262316333636435306133343833323938303434306332383361
3262336335643564383435343862376430623862333366656262
